Frecuencia (Hz)	volumen (dB)
86,132813	-24,059124
172,265625	-28,262775
258,398438	-30,230473
344,531250	-31,446489
430,664063	-32,388420
516,796875	-33,083076
602,929688	-33,880238
689,062500	-34,461796
775,195313	-35,099392
861,328125	-35,725876
947,460938	-36,042221
1033,593750	-36,348476
1119,726563	-36,909351
1205,859375	-37,491291
1291,992188	-37,582100
1378,125000	-37,463654
1464,257813	-38,072617
1550,390625	-38,373394
1636,523438	-38,408543
1722,656250	-38,920086
1808,789063	-38,842392
1894,921875	-39,069283
1981,054688	-39,258888
2067,187500	-39,319405
2153,320313	-39,502865
2239,453125	-40,047802
2325,585938	-40,232899
2411,718750	-40,403454
2497,851563	-40,453373
2583,984375	-40,308571
2670,117188	-40,365444
2756,250000	-40,409931
2842,382813	-40,590790
2928,515625	-40,619236
3014,648438	-40,927837
3100,781250	-41,155533
3186,914063	-40,970325
3273,046875	-41,032459
3359,179688	-41,297112
3445,312500	-41,028492
3531,445313	-41,366627
3617,578125	-41,318336
3703,710938	-41,595715
3789,843750	-41,814198
3875,976563	-42,052593
3962,109375	-42,378311
4048,242188	-42,388584
4134,375000	-42,302616
4220,507813	-42,392216
4306,640625	-42,399910
4392,773438	-42,093357
4478,906250	-42,313301
4565,039063	-42,483604
4651,171875	-42,699211
4737,304688	-43,188812
4823,437500	-43,378826
4909,570313	-42,943901
4995,703125	-42,999393
5081,835938	-43,313354
5167,968750	-43,223598
5254,101563	-43,207146
5340,234375	-43,362255
5426,367188	-43,516773
5512,500000	-43,463135
5598,632813	-43,614948
5684,765625	-43,716003
5770,898438	-43,685638
5857,031250	-43,604340
5943,164063	-44,120686
6029,296875	-44,073059
6115,429688	-43,898056
6201,562500	-44,098831
6287,695313	-44,180260
6373,828125	-44,283680
6459,960938	-44,394520
6546,093750	-44,435272
6632,226563	-44,633160
6718,359375	-44,951309
6804,492188	-44,957718
6890,625000	-44,749577
6976,757813	-44,885574
7062,890625	-44,895340
7149,023438	-44,790428
7235,156250	-44,778591
7321,289063	-44,882236
7407,421875	-44,854015
7493,554688	-44,970715
7579,687500	-45,157181
7665,820313	-44,927673
7751,953125	-45,126877
7838,085938	-45,328369
7924,218750	-45,405666
8010,351563	-45,360714
8096,484375	-45,418850
8182,617188	-45,544228
8268,750000	-45,583275
8354,882813	-45,677570
8441,015625	-45,636131
8527,148438	-45,718124
8613,281250	-45,740139
8699,414063	-45,916603
8785,546875	-45,954075
8871,679688	-46,483456
8957,812500	-46,248077
9043,945313	-46,064751
9130,078125	-45,995846
9216,210938	-46,012741
9302,343750	-46,245926
9388,476563	-46,256302
9474,609375	-46,312145
9560,742188	-46,447369
9646,875000	-46,555660
9733,007813	-46,585892
9819,140625	-46,340626
9905,273438	-46,417133
9991,406250	-46,662086
10077,539063	-46,556263
10163,671875	-46,541023
10249,804688	-46,561848
10335,937500	-46,768734
10422,070313	-47,002453
10508,203125	-46,824913
10594,335938	-47,049152
10680,468750	-46,848816
10766,601563	-46,597263
10852,734375	-46,572910
10938,867188	-46,820667
11025,000000	-46,879864
11111,132813	-46,974777
11197,265625	-46,925552
11283,398438	-47,033482
11369,531250	-47,253788
11455,664063	-47,545708
11541,796875	-47,154068
11627,929688	-47,013000
11714,062500	-47,216537
11800,195313	-47,265984
11886,328125	-47,275932
11972,460938	-47,419052
12058,593750	-47,843601
12144,726563	-47,640888
12230,859375	-47,493500
12316,992188	-47,456505
12403,125000	-47,490898
12489,257813	-47,559277
12575,390625	-47,681538
12661,523438	-47,400036
12747,656250	-47,206081
12833,789063	-47,401962
12919,921875	-47,518959
13006,054688	-47,835396
13092,187500	-47,993687
13178,320313	-47,913074
13264,453125	-47,848923
13350,585938	-47,707729
13436,718750	-47,607033
13522,851563	-47,701149
13608,984375	-47,642597
13695,117188	-47,961666
13781,250000	-48,119762
13867,382813	-48,024223
13953,515625	-47,893486
14039,648438	-47,987827
14125,781250	-48,015511
14211,914063	-47,773785
14298,046875	-47,877411
14384,179688	-47,873894
14470,312500	-48,110695
14556,445313	-48,294407
14642,578125	-48,192398
14728,710938	-48,015179
14814,843750	-48,077629
14900,976563	-48,114098
14987,109375	-48,322819
15073,242188	-48,119766
15159,375000	-48,048637
15245,507813	-48,277695
15331,640625	-48,225960
15417,773438	-48,053307
15503,906250	-48,133904
15590,039063	-48,262859
15676,171875	-48,288216
15762,304688	-48,235493
15848,437500	-48,140121
15934,570313	-48,167564
16020,703125	-48,352093
16106,835938	-48,316517
16192,968750	-48,492920
16279,101563	-48,489052
16365,234375	-48,539135
16451,367188	-48,374229
16537,500000	-48,153641
16623,632813	-48,357342
16709,765625	-48,212448
16795,898438	-48,352283
16882,031250	-48,349548
16968,164063	-48,362148
17054,296875	-48,368465
17140,429688	-48,324036
17226,562500	-48,295963
17312,695313	-48,251728
17398,828125	-48,200157
17484,960938	-48,281998
17571,093750	-48,289772
17657,226563	-48,484344
17743,359375	-48,842361
17829,492188	-48,720230
17915,625000	-48,370506
18001,757813	-48,240929
18087,890625	-48,540089
18174,023438	-48,711292
18260,156250	-48,639763
18346,289063	-48,549080
18432,421875	-48,843769
18518,554688	-48,906166
18604,687500	-48,785145
18690,820313	-48,418442
18776,953125	-48,580791
18863,085938	-48,653194
18949,218750	-48,781338
19035,351563	-48,826977
19121,484375	-48,682892
19207,617188	-48,560551
19293,750000	-48,685631
19379,882813	-48,795769
19466,015625	-48,623470
19552,148438	-48,618500
19638,281250	-48,649731
19724,414063	-48,564281
19810,546875	-48,550449
19896,679688	-48,630264
19982,812500	-48,462223
20068,945313	-48,912525
20155,078125	-48,897587
20241,210938	-48,913963
20327,343750	-48,986794
20413,476563	-48,885330
20499,609375	-48,994469
20585,742188	-48,798935
20671,875000	-48,921440
20758,007813	-48,823277
20844,140625	-48,753899
20930,273438	-48,613728
21016,406250	-48,531708
21102,539063	-48,666656
21188,671875	-48,393555
21274,804688	-48,598763
21360,937500	-48,701283
21447,070313	-48,524605
21533,203125	-48,637012
21619,335938	-48,730755
21705,468750	-48,931404
21791,601563	-49,100464
21877,734375	-49,021370
21963,867188	-49,006401
