Frecuencia (Hz)	volumen (dB)
86,132813	-2,573586
172,265625	-5,524795
258,398438	-7,572147
344,531250	-9,474542
430,664063	-15,232128
516,796875	-32,016014
602,929688	-47,303329
689,062500	-55,300274
775,195313	-60,781948
861,328125	-64,981728
947,460938	-68,414993
1033,593750	-71,340408
1119,726563	-73,895935
1205,859375	-76,182663
1291,992188	-78,251404
1378,125000	-80,146179
1464,257813	-81,906082
1550,390625	-83,527039
1636,523438	-85,064346
1722,656250	-86,490868
1808,789063	-87,835861
1894,921875	-89,123871
1981,054688	-90,353996
2067,187500	-91,511185
2153,320313	-92,618469
2239,453125	-93,674133
2325,585938	-94,698509
2411,718750	-95,677002
2497,851563	-96,583298
2583,984375	-97,569794
2670,117188	-98,349701
2756,250000	-99,228729
2842,382813	-100,044937
2928,515625	-100,897202
3014,648438	-101,552002
3100,781250	-102,333847
3186,914063	-103,017136
3273,046875	-103,776428
3359,179688	-104,353661
3445,312500	-105,205856
3531,445313	-105,633682
3617,578125	-106,351891
3703,710938	-106,808250
3789,843750	-107,673386
3875,976563	-108,006409
3962,109375	-108,567970
4048,242188	-109,090202
4134,375000	-109,591721
4220,507813	-110,110886
4306,640625	-110,650475
4392,773438	-110,856857
4478,906250	-111,609711
4565,039063	-111,970566
4651,171875	-112,192604
4737,304688	-112,809158
4823,437500	-112,963783
4909,570313	-113,694092
4995,703125	-113,560143
5081,835938	-114,209450
5167,968750	-114,438721
5254,101563	-114,768135
5340,234375	-115,116333
5426,367188	-115,633125
5512,500000	-115,518501
5598,632813	-116,165527
5684,765625	-115,908073
5770,898438	-116,232681
5857,031250	-116,474174
5943,164063	-116,198845
6029,296875	-117,088425
6115,429688	-117,187256
6201,562500	-117,412895
6287,695313	-117,784233
6373,828125	-117,771126
6459,960938	-117,803047
6546,093750	-117,887383
6632,226563	-118,404846
6718,359375	-118,374901
6804,492188	-118,698135
6890,625000	-118,272293
6976,757813	-118,694054
7062,890625	-118,801048
7149,023438	-118,551453
7235,156250	-118,559906
7321,289063	-118,955750
7407,421875	-118,814896
7493,554688	-119,108353
7579,687500	-119,349754
7665,820313	-119,098183
7751,953125	-119,350548
7838,085938	-119,383553
7924,218750	-119,886650
8010,351563	-119,488274
8096,484375	-119,408440
8182,617188	-119,895393
8268,750000	-119,968697
8354,882813	-119,788490
8441,015625	-119,744781
8527,148438	-119,506050
8613,281250	-119,987656
8699,414063	-119,556374
8785,546875	-119,368912
8871,679688	-119,570396
8957,812500	-119,945877
9043,945313	-120,112366
9130,078125	-119,931488
9216,210938	-120,278481
9302,343750	-119,940338
9388,476563	-119,601044
9474,609375	-119,830460
9560,742188	-120,013985
9646,875000	-120,435173
9733,007813	-120,429619
9819,140625	-120,097466
9905,273438	-119,748947
9991,406250	-120,009712
10077,539063	-119,879280
10163,671875	-120,195717
10249,804688	-120,157936
10335,937500	-119,937912
10422,070313	-119,783493
10508,203125	-119,798065
10594,335938	-120,120491
10680,468750	-119,955742
10766,601563	-120,061188
10852,734375	-120,078384
10938,867188	-119,920746
11025,000000	-120,037834
11111,132813	-120,493195
11197,265625	-120,174622
11283,398438	-119,933617
11369,531250	-120,221840
11455,664063	-120,418999
11541,796875	-120,030991
11627,929688	-119,951759
11714,062500	-119,695366
11800,195313	-120,278931
11886,328125	-119,870331
11972,460938	-120,330376
12058,593750	-120,459732
12144,726563	-120,601807
12230,859375	-120,420303
12316,992188	-120,399323
12403,125000	-120,452995
12489,257813	-120,463432
12575,390625	-120,203300
12661,523438	-119,722992
12747,656250	-120,218025
12833,789063	-120,403900
12919,921875	-120,436981
13006,054688	-120,165588
13092,187500	-120,084900
13178,320313	-120,277855
13264,453125	-120,633629
13350,585938	-120,510460
13436,718750	-120,068855
13522,851563	-119,729721
13608,984375	-120,087250
13695,117188	-120,144516
13781,250000	-120,437233
13867,382813	-120,064484
13953,515625	-119,943581
14039,648438	-119,840088
14125,781250	-119,953926
14211,914063	-120,122581
14298,046875	-120,015892
14384,179688	-120,243416
14470,312500	-120,386108
14556,445313	-120,309380
14642,578125	-120,362022
14728,710938	-120,279617
14814,843750	-120,051758
14900,976563	-119,954659
14987,109375	-119,935936
15073,242188	-119,996414
15159,375000	-120,295082
15245,507813	-120,343895
15331,640625	-120,015694
15417,773438	-120,450272
15503,906250	-120,312752
15590,039063	-120,447998
15676,171875	-120,383591
15762,304688	-120,441002
15848,437500	-120,785378
15934,570313	-120,491074
16020,703125	-120,629776
16106,835938	-120,537987
16192,968750	-120,448235
16279,101563	-120,455719
16365,234375	-120,704475
16451,367188	-120,584976
16537,500000	-119,954315
16623,632813	-120,005577
16709,765625	-120,573555
16795,898438	-120,689575
16882,031250	-120,585480
16968,164063	-120,366005
17054,296875	-120,367142
17140,429688	-120,068138
17226,562500	-120,008202
17312,695313	-119,951874
17398,828125	-120,136299
17484,960938	-120,463570
17571,093750	-120,303024
17657,226563	-120,195267
17743,359375	-120,493301
17829,492188	-120,069016
17915,625000	-120,082436
18001,757813	-120,207245
18087,890625	-120,035629
18174,023438	-120,042267
18260,156250	-120,466438
18346,289063	-119,886223
18432,421875	-120,210510
18518,554688	-120,218666
18604,687500	-120,161697
18690,820313	-120,387489
18776,953125	-120,433731
18863,085938	-120,572456
18949,218750	-120,625481
19035,351563	-120,607109
19121,484375	-120,595825
19207,617188	-120,008110
19293,750000	-120,232788
19379,882813	-120,257439
19466,015625	-120,142570
19552,148438	-120,291039
19638,281250	-120,029449
19724,414063	-119,906754
19810,546875	-120,586067
19896,679688	-120,518860
19982,812500	-120,313408
20068,945313	-120,414818
20155,078125	-120,119896
20241,210938	-120,358307
20327,343750	-120,790733
20413,476563	-120,640465
20499,609375	-120,553642
20585,742188	-120,885071
20671,875000	-120,839943
20758,007813	-120,452950
20844,140625	-120,315018
20930,273438	-120,366425
21016,406250	-120,360298
21102,539063	-120,695534
21188,671875	-120,524910
21274,804688	-120,246468
21360,937500	-120,403908
21447,070313	-120,313583
21533,203125	-120,515160
21619,335938	-120,667679
21705,468750	-120,422295
21791,601563	-120,542068
21877,734375	-119,988586
21963,867188	-120,128342
