Frecuencia (Hz)	volumen (dB)
86,132813	-114,120560
172,265625	-112,587273
258,398438	-107,556824
344,531250	-100,586189
430,664063	-94,146950
516,796875	-88,488792
602,929688	-83,562119
689,062500	-78,535049
775,195313	-73,468529
861,328125	-69,496864
947,460938	-65,117882
1033,593750	-60,802269
1119,726563	-57,337460
1205,859375	-54,583675
1291,992188	-52,027782
1378,125000	-44,431709
1464,257813	-38,173851
1550,390625	-35,405781
1636,523438	-34,059570
1722,656250	-33,519844
1808,789063	-33,483761
1894,921875	-33,282291
1981,054688	-33,272072
2067,187500	-33,518612
2153,320313	-33,914074
2239,453125	-34,455479
2325,585938	-34,891979
2411,718750	-35,419724
2497,851563	-36,099770
2583,984375	-37,007214
2670,117188	-38,755306
2756,250000	-41,514935
2842,382813	-45,911530
2928,515625	-51,659092
3014,648438	-55,419666
3100,781250	-56,129353
3186,914063	-56,662251
3273,046875	-57,904675
3359,179688	-59,424274
3445,312500	-60,695320
3531,445313	-61,819195
3617,578125	-63,433296
3703,710938	-64,836571
3789,843750	-66,270897
3875,976563	-67,366158
3962,109375	-68,581833
4048,242188	-69,972649
4134,375000	-71,602013
4220,507813	-72,542839
4306,640625	-73,562202
4392,773438	-74,743019
4478,906250	-76,044670
4565,039063	-77,077072
4651,171875	-78,023331
4737,304688	-79,077888
4823,437500	-80,292847
4909,570313	-81,211372
4995,703125	-82,217201
5081,835938	-83,040337
5167,968750	-84,088104
5254,101563	-85,112442
5340,234375	-86,033295
5426,367188	-86,902092
5512,500000	-87,682762
5598,632813	-88,384277
5684,765625	-88,917137
5770,898438	-89,648880
5857,031250	-90,574699
5943,164063	-91,461212
6029,296875	-92,180908
6115,429688	-92,894653
6201,562500	-93,734200
6287,695313	-94,148270
6373,828125	-94,953514
6459,960938	-95,843445
6546,093750	-96,602203
6632,226563	-97,092255
6718,359375	-98,007042
6804,492188	-98,806259
6890,625000	-99,192719
6976,757813	-99,954140
7062,890625	-100,500511
7149,023438	-101,070801
7235,156250	-101,793854
7321,289063	-102,535538
7407,421875	-103,091858
7493,554688	-103,827850
7579,687500	-104,289101
7665,820313	-105,016663
7751,953125	-105,316612
7838,085938	-105,903214
7924,218750	-106,762344
8010,351563	-107,697800
8096,484375	-107,711143
8182,617188	-108,248726
8268,750000	-109,143059
8354,882813	-109,466125
8441,015625	-109,641472
8527,148438	-109,915794
8613,281250	-110,841217
8699,414063	-111,669113
8785,546875	-112,048561
8871,679688	-112,950127
8957,812500	-113,526474
9043,945313	-113,999962
9130,078125	-114,716850
9216,210938	-114,923241
9302,343750	-115,156326
9388,476563	-115,863129
9474,609375	-116,535217
9560,742188	-116,926964
9646,875000	-117,530525
9733,007813	-118,456268
9819,140625	-118,685905
9905,273438	-118,794685
9991,406250	-119,326553
10077,539063	-119,990791
10163,671875	-120,291634
10249,804688	-120,698242
10335,937500	-121,342720
10422,070313	-121,866585
10508,203125	-122,435547
10594,335938	-122,827347
10680,468750	-123,148163
10766,601563	-123,792236
10852,734375	-124,567253
10938,867188	-124,817276
11025,000000	-125,114975
11111,132813	-125,703415
11197,265625	-126,144501
11283,398438	-126,494919
11369,531250	-127,067551
11455,664063	-127,396179
11541,796875	-127,644112
11627,929688	-128,414444
11714,062500	-128,846649
11800,195313	-129,364197
11886,328125	-129,878510
11972,460938	-130,147263
12058,593750	-130,640747
12144,726563	-131,224319
12230,859375	-131,578079
12316,992188	-132,015152
12403,125000	-132,748840
12489,257813	-133,252213
12575,390625	-133,650711
12661,523438	-134,260086
12747,656250	-134,795975
12833,789063	-135,049103
12919,921875	-135,505081
13006,054688	-135,960648
13092,187500	-136,519913
13178,320313	-136,866653
13264,453125	-137,572525
13350,585938	-138,278610
13436,718750	-138,949921
13522,851563	-139,424744
13608,984375	-139,832031
13695,117188	-139,979919
13781,250000	-140,448349
13867,382813	-141,078705
13953,515625	-141,704025
14039,648438	-142,175919
14125,781250	-142,606003
14211,914063	-142,732071
14298,046875	-143,422302
14384,179688	-144,355347
14470,312500	-144,640076
14556,445313	-144,981674
14642,578125	-145,640305
14728,710938	-146,052338
14814,843750	-146,529556
14900,976563	-147,023148
14987,109375	-147,587082
15073,242188	-148,039276
15159,375000	-148,562454
15245,507813	-149,086777
15331,640625	-149,613174
15417,773438	-150,158386
15503,906250	-150,595184
15590,039063	-151,184280
15676,171875	-151,802460
15762,304688	-152,029984
15848,437500	-152,584869
15934,570313	-153,558075
16020,703125	-154,160721
16106,835938	-154,799103
16192,968750	-155,151962
16279,101563	-155,534332
16365,234375	-156,582657
16451,367188	-157,319427
16537,500000	-157,705109
16623,632813	-158,285446
16709,765625	-158,960541
16795,898438	-159,596436
16882,031250	-160,253830
16968,164063	-160,758820
17054,296875	-161,196518
17140,429688	-161,684738
17226,562500	-162,323151
17312,695313	-163,120346
17398,828125	-164,055649
17484,960938	-164,512894
17571,093750	-165,128815
17657,226563	-165,757874
17743,359375	-166,336807
17829,492188	-167,171417
17915,625000	-167,679581
18001,757813	-168,476654
18087,890625	-168,842133
18174,023438	-169,827194
18260,156250	-170,055862
18346,289063	-170,947052
18432,421875	-171,323593
18518,554688	-172,071304
18604,687500	-172,323120
18690,820313	-173,174683
18776,953125	-173,558060
18863,085938	-174,181946
18949,218750	-174,418716
19035,351563	-175,286804
19121,484375	-175,422821
19207,617188	-175,959808
19293,750000	-176,393066
19379,882813	-176,131836
19466,015625	-176,321411
19552,148438	-176,239441
19638,281250	-176,203781
19724,414063	-175,996719
19810,546875	-176,322571
19896,679688	-176,073914
19982,812500	-176,362335
20068,945313	-175,926926
20155,078125	-176,006348
20241,210938	-176,416367
20327,343750	-176,443909
20413,476563	-177,283340
20499,609375	-177,840988
20585,742188	-178,844650
20671,875000	-180,085129
20758,007813	-180,677902
20844,140625	-180,790253
20930,273438	-181,031967
21016,406250	-180,745956
21102,539063	-180,916611
21188,671875	-181,082489
21274,804688	-181,222763
21360,937500	-181,095306
21447,070313	-181,488342
21533,203125	-181,625061
21619,335938	-181,584702
21705,468750	-181,957748
21791,601563	-182,038513
21877,734375	-181,930191
21963,867188	-182,404327
