Frecuencia (Hz)	volumen (dB)
86,132813	-125,529984
172,265625	-125,458122
258,398438	-125,486038
344,531250	-125,234909
430,664063	-123,247734
516,796875	-120,326576
602,929688	-115,952698
689,062500	-111,728462
775,195313	-106,771011
861,328125	-101,596100
947,460938	-96,097755
1033,593750	-90,214821
1119,726563	-83,873932
1205,859375	-77,182594
1291,992188	-70,652893
1378,125000	-65,738174
1464,257813	-63,959667
1550,390625	-65,257607
1636,523438	-67,440216
1722,656250	-67,888298
1808,789063	-65,598175
1894,921875	-57,314507
1981,054688	-50,731342
2067,187500	-56,743130
2153,320313	-75,072906
2239,453125	-80,496407
2325,585938	-82,131516
2411,718750	-82,209572
2497,851563	-81,288437
2583,984375	-80,031265
2670,117188	-79,231087
2756,250000	-79,507057
2842,382813	-81,066986
2928,515625	-83,753525
3014,648438	-87,163467
3100,781250	-90,887817
3186,914063	-94,637131
3273,046875	-98,334526
3359,179688	-101,728554
3445,312500	-104,987511
3531,445313	-107,986336
3617,578125	-110,556610
3703,710938	-112,988869
3789,843750	-114,856857
3875,976563	-116,759178
3962,109375	-117,700081
4048,242188	-118,371567
4134,375000	-119,185036
4220,507813	-119,666061
4306,640625	-119,676498
4392,773438	-119,819168
4478,906250	-120,419479
4565,039063	-120,103676
4651,171875	-119,845634
4737,304688	-120,342079
4823,437500	-120,814026
4909,570313	-120,575485
4995,703125	-120,710587
5081,835938	-120,473717
5167,968750	-119,965584
5254,101563	-120,304451
5340,234375	-119,850304
5426,367188	-119,412125
5512,500000	-119,251938
5598,632813	-119,768394
5684,765625	-120,180435
5770,898438	-119,171127
5857,031250	-119,438591
5943,164063	-120,296272
6029,296875	-122,333931
6115,429688	-122,779129
6201,562500	-123,305832
6287,695313	-123,177040
6373,828125	-123,383728
6459,960938	-123,697624
6546,093750	-123,441895
6632,226563	-123,669441
6718,359375	-123,732887
6804,492188	-123,660683
6890,625000	-123,965744
6976,757813	-123,926277
7062,890625	-123,916656
7149,023438	-123,445595
7235,156250	-123,146057
7321,289063	-122,805176
7407,421875	-122,971199
7493,554688	-123,293861
7579,687500	-123,650024
7665,820313	-123,181778
7751,953125	-122,162735
7838,085938	-121,721558
7924,218750	-122,404442
8010,351563	-123,405029
8096,484375	-123,890640
8182,617188	-123,207909
8268,750000	-122,243591
8354,882813	-121,674019
8441,015625	-122,668457
8527,148438	-123,637466
8613,281250	-123,588364
8699,414063	-122,790421
8785,546875	-123,641739
8871,679688	-123,378860
8957,812500	-122,946411
9043,945313	-123,571968
9130,078125	-123,684692
9216,210938	-123,338936
9302,343750	-123,366226
9388,476563	-123,466911
9474,609375	-123,240685
9560,742188	-123,580009
9646,875000	-123,413628
9733,007813	-122,887413
9819,140625	-123,357147
9905,273438	-123,807060
9991,406250	-123,812553
10077,539063	-124,455322
10163,671875	-123,453949
10249,804688	-123,304451
10335,937500	-123,736847
10422,070313	-124,383629
10508,203125	-124,495964
10594,335938	-124,592171
10680,468750	-124,649918
10766,601563	-124,171104
10852,734375	-123,618011
10938,867188	-123,992058
11025,000000	-125,220314
11111,132813	-125,531975
11197,265625	-124,596733
11283,398438	-123,892532
11369,531250	-124,389816
11455,664063	-124,567421
11541,796875	-123,989090
11627,929688	-123,976601
11714,062500	-124,655960
11800,195313	-125,213829
11886,328125	-125,272720
11972,460938	-124,580757
12058,593750	-124,365631
12144,726563	-124,311272
12230,859375	-123,855019
12316,992188	-123,753662
12403,125000	-124,060394
12489,257813	-124,811813
12575,390625	-124,611786
12661,523438	-124,433617
12747,656250	-124,736496
12833,789063	-124,443954
12919,921875	-124,049202
13006,054688	-124,296051
13092,187500	-124,500526
13178,320313	-123,713600
13264,453125	-123,877411
13350,585938	-124,074326
13436,718750	-123,697182
13522,851563	-123,915413
13608,984375	-123,689522
13695,117188	-123,961586
13781,250000	-124,216263
13867,382813	-124,188019
13953,515625	-124,176720
14039,648438	-124,697296
14125,781250	-125,395729
14211,914063	-125,016678
14298,046875	-124,968193
14384,179688	-125,204895
14470,312500	-124,424789
14556,445313	-124,626862
14642,578125	-125,107567
14728,710938	-124,882866
14814,843750	-124,450851
14900,976563	-124,709343
14987,109375	-124,459587
15073,242188	-124,563538
15159,375000	-124,628899
15245,507813	-124,348854
15331,640625	-124,715149
15417,773438	-124,942741
15503,906250	-125,260185
15590,039063	-125,168480
15676,171875	-124,466209
15762,304688	-124,098526
15848,437500	-124,444168
15934,570313	-125,005219
16020,703125	-125,402786
16106,835938	-124,877525
16192,968750	-124,163376
16279,101563	-125,143341
16365,234375	-125,092590
16451,367188	-124,461411
16537,500000	-124,821999
16623,632813	-125,012665
16709,765625	-125,169998
16795,898438	-124,995834
16882,031250	-124,766037
16968,164063	-124,810127
17054,296875	-125,056412
17140,429688	-124,707794
17226,562500	-124,426804
17312,695313	-124,735748
17398,828125	-124,328300
17484,960938	-124,488953
17571,093750	-124,689751
17657,226563	-124,718918
17743,359375	-124,130806
17829,492188	-123,798180
17915,625000	-124,192909
18001,757813	-125,255157
18087,890625	-125,685204
18174,023438	-125,408356
18260,156250	-124,635529
18346,289063	-123,772812
18432,421875	-124,039955
18518,554688	-124,515335
18604,687500	-125,296165
18690,820313	-125,420448
18776,953125	-124,380264
18863,085938	-124,408226
18949,218750	-125,091156
19035,351563	-124,710060
19121,484375	-124,741646
19207,617188	-124,861778
19293,750000	-124,792412
19379,882813	-124,980614
19466,015625	-125,632240
19552,148438	-124,978073
19638,281250	-124,598335
19724,414063	-124,707108
19810,546875	-124,422714
19896,679688	-124,894066
19982,812500	-125,359009
20068,945313	-125,194649
20155,078125	-125,472832
20241,210938	-125,254272
20327,343750	-124,582619
20413,476563	-124,706825
20499,609375	-124,766472
20585,742188	-124,986404
20671,875000	-125,527489
20758,007813	-125,522743
20844,140625	-125,101601
20930,273438	-124,376709
21016,406250	-124,307663
21102,539063	-124,761551
21188,671875	-124,848221
21274,804688	-125,020279
21360,937500	-124,852150
21447,070313	-124,404785
21533,203125	-124,502136
21619,335938	-124,594810
21705,468750	-124,832603
21791,601563	-124,823242
21877,734375	-124,778191
21963,867188	-124,492439
